2 0.75703125 0.61640625 0.1296875 0.184375
2 0.5796875 0.484375 0.1484375 0.1578125
2 0.44765625 0.40546875 0.103125 0.1859375
2 0.40703125 0.29765625 0.071875 0.16875
2 0.234375 0.18828125 0.1265625 0.1390625
2 0.71953125 0.48828125 0.11875 0.1421875
2 0.60859375 0.39765625 0.1703125 0.1265625
2 0.5296875 0.31015625 0.0703125 0.1390625
2 0.659375 0.19609375 0.1609375 0.16875
2 0.5515625 0.228125 0.0484375 0.065625
2 0.50625 0.21484375 0.0734375 0.121875
2 0.47421875 0.1765625 0.1015625 0.096875
2 0.39375 0.225 0.125 0.11875
2 0.67890625 0.29609375 0.071875 0.0953125
2 0.596875 0.28203125 0.0796875 0.1546875