2 0.771875 0.575 0.1375 0.1890625
2 0.5765625 0.47265625 0.15625 0.1640625
2 0.43359375 0.41484375 0.1125 0.190625
2 0.3765625 0.31484375 0.0796875 0.171875
2 0.1890625 0.23359375 0.134375 0.1453125
2 0.71484375 0.45390625 0.125 0.146875
2 0.59140625 0.38203125 0.1765625 0.134375
2 0.49921875 0.3078125 0.0765625 0.140625
2 0.609375 0.175 0.16875 0.1765625
2 0.50859375 0.2234375 0.0515625 0.0671875
2 0.46171875 0.2171875 0.0796875 0.125
2 0.4234375 0.184375 0.10625 0.1015625
2 0.35234375 0.2453125 0.1296875 0.125
2 0.64453125 0.2703125 0.0765625 0.0984375
2 0.56171875 0.26953125 0.0875 0.1578125