2 0.2375 0.603125 0.1203125 0.178125
2 0.42109375 0.48046875 0.140625 0.15
2 0.55703125 0.40859375 0.09375 0.18203125
2 0.603125 0.303125 0.06328125 0.16640625
2 0.78125 0.20234375 0.1203125 0.13359375
2 0.28125 0.4765625 0.11171875 0.13671875
2 0.396875 0.3921875 0.16484375 0.11796875
2 0.48046875 0.30859375 0.06328125 0.13515625
2 0.35703125 0.18828125 0.153125 0.16171875
2 0.4625 0.22578125 0.0453125 0.06328125
2 0.50859375 0.21484375 0.0671875 0.11796875
2 0.54296875 0.178125 0.09765625 0.09140625
2 0.6203125 0.23125 0.11875 0.11328125
2 0.33203125 0.28671875 0.0671875 0.09140625
2 0.41484375 0.27734375 0.071875 0.1515625